[8755268,
 8755269,
 8755270,
 8755271,
 8755272,
 8755273,
 8755274,
 8755275,
 8755276,
 8755277,
 8755278,
 8755279,
 8755280,
 8755281,
 8755282,
 8755283,
 8755284,
 8755285,
 8755286,
 8755287,
 8755288,
 8755289,
 8755290,
 8755291,
 8755292,
 8755293,
 8755294,
 8755295,
 8755296,
 8755297,
 8755298,
 8755299,
 8755300,
 8755301,
 8755302,
 8755303,
 8755304,
 8755305,
 8755306,
 8755307,
 8755308,
 8755309,
 8755310,
 8755311,
 8755312,
 8755313,
 8755314,
 8755315,
 8755316,
 8755317,
 8755318,
 8755319,
 8755320,
 8755321,
 8755322,
 8755323,
 8755324,
 8755325,
 8755326,
 8755327,
 8755328,
 8755329,
 8755330,
 8755331,
 8755332,
 8755333,
 8755334,
 8755335,
 8755336,
 8755337,
 8755338,
 8755339,
 8755340,
 8755341,
 8755342,
 8755343,
 8755344,
 8755345,
 8755346,
 8755347,
 8755348,
 8755349,
 8755350,
 8755351,
 8755352,
 8755353,
 8755354,
 8755355,
 8755356,
 8755357,
 8755358,
 8755359,
 8755360,
 8755361,
 8755362,
 8755363,
 8755364,
 8755365,
 8755366,
 8755367]
